#My R file
x <- 8
y <- 10
z <- x + y
(z)

h <- 10000
z <- h -109